[38.454844,55.925459],
[38.45603,55.924694],
[38.457792,55.923691],
[38.460325,55.922588],
[38.462644,55.921825],
[38.465241,55.921219],
[38.466839,55.920918],
[38.46818,55.920725],
[38.469371,55.920586],
[38.470444,55.92049],
[38.471367,55.920454],
[38.472515,55.920393],
[38.473749,55.920406],
[38.475133,55.920442],
[38.476409,55.92052],
[38.477911,55.920677],
[38.4801,55.92096],
[38.48201,55.921357],
[38.483608,55.921743],
[38.484778,55.922135],
[38.48613,55.922562],
[38.487256,55.923026],
[38.488672,55.92358],
[38.490571,55.924351],
[38.492567,55.925141],
[38.494251,55.925809],
[38.494831,55.92605],
[38.495582,55.926369],
[38.496419,55.926689],
[38.497052,55.926966],
[38.497964,55.927321],
[38.4988,55.927646],
[38.499852,55.928014],
[38.500871,55.928309],
[38.501998,55.928628],
[38.503349,55.928923],
[38.50468,55.92917],
[38.505871,55.929345],
[38.507298,55.929514],
[38.50925,55.929652],
[38.511246,55.929682],
[38.512523,55.929652],
[38.514604,55.929502],
[38.515698,55.929387],
[38.517597,55.929098],
[38.518788,55.928869],
[38.520237,55.928544],
[38.522382,55.927917],
[38.524324,55.927183],
[38.526073,55.926406],
[38.527586,55.925532],
[38.528187,55.925147],
[38.528863,55.924677],
[38.529978,55.923749],
[38.530783,55.92293],
[38.531609,55.921948],
[38.532038,55.921297],
[38.532693,55.920062],
[38.533133,55.918731],
[38.533433,55.91767],
[38.533841,55.91623],
[38.53412,55.915363],
[38.534731,55.913175],
[38.534914,55.912573],
[38.535579,55.910295],
[38.536384,55.907475],
[38.537049,55.905215],
[38.537853,55.902436],
[38.538551,55.899935],
[38.53927,55.897572],
[38.539967,55.8951],
[38.540621,55.892863],
[38.541094,55.891254],
[38.541512,55.889819],
[38.54178,55.889065],
[38.542102,55.888281],
[38.542574,55.887232],
[38.543229,55.886038],
[38.544076,55.884718],
[38.544548,55.88409],
[38.545203,55.883252],
[38.545803,55.882523],
[38.546619,55.881666],
[38.547413,55.880864],
[38.547939,55.880376],
[38.548593,55.879706],
[38.549215,55.879055],
[38.549516,55.878735],
[38.549795,55.878398],
[38.550631,55.877366],
[38.551264,55.876516],
[38.551704,55.875786],
[38.552144,55.875062],
[38.552659,55.874121],
[38.55297,55.873422],
[38.55356,55.872016],
[38.554054,55.870321],
[38.554333,55.868777],
[38.554429,55.867745],
[38.554429,55.866484],
[38.554387,55.865857],
[38.554247,55.864463],
[38.554011,55.86316],
[38.553657,55.861923],
[38.553378,55.861175],
[38.553078,55.860366],
[38.552842,55.859932],
[38.552412,55.859015],
[38.551661,55.857645],
[38.550749,55.856378],
[38.549795,55.855153],
[38.548614,55.853909],
[38.546447,55.851791],
[38.545353,55.850729],
[38.544312,55.849552],
[38.543668,55.848792],
[38.543003,55.847856],
[38.542392,55.84683],
[38.541737,55.845623],
[38.541265,55.844566],
[38.540997,55.84389],
[38.540729,55.842955],
[38.540332,55.840962],
[38.540278,55.839115],
[38.540375,55.837829],
[38.540536,55.836797],
[38.540654,55.836283],
[38.540868,55.835468],
[38.541426,55.833898],
[38.541753,55.833123],
[38.542166,55.832359],
[38.542692,55.831411],
[38.543261,55.83062],
[38.543776,55.829968],
[38.545031,55.828512],
[38.546029,55.827492],
[38.54693,55.826646],
[38.547906,55.825764],
[38.548593,55.825281],
[38.549215,55.824804],
[38.54973,55.824442],
[38.550449,55.82394],
[38.551393,55.823349],
[38.55473,55.821229],
[38.55591,55.820419],
[38.55679,55.819725],
[38.557412,55.819266],
[38.558067,55.818686],
[38.559193,55.817647],
[38.559923,55.816952],
[38.560781,55.816016],
[38.561789,55.814826],
[38.562937,55.813267],
[38.563485,55.812355],
[38.564236,55.811044],
[38.564718,55.809944],
[38.56519,55.808573],
[38.565684,55.806694],
[38.565909,55.804458],
[38.56592,55.803249],
[38.565802,55.802162],
[38.565534,55.800185],
[38.565223,55.797931],
[38.564901,55.795489],
[38.564611,55.793604],
[38.564321,55.791385],
[38.564085,55.789723],
[38.563849,55.787946],
[38.56357,55.786277],
[38.563452,55.78554],
[38.563259,55.784905],
[38.562841,55.78349],
[38.562261,55.782045],
[38.561907,55.781326],
[38.560942,55.779548],
[38.560341,55.778647],
[38.559386,55.777299],
[38.557906,55.775557],
[38.556436,55.774063],
[38.554601,55.772388],
[38.552563,55.770852],
[38.551329,55.769987],
[38.549569,55.768868],
[38.547778,55.767804],
[38.545997,55.766836],
[38.544022,55.765887],
[38.542016,55.765016],
[38.539838,55.764132],
[38.537156,55.763201],
[38.534463,55.762354],
[38.532875,55.761943],
[38.529324,55.761053],
[38.520247,55.7589],
[38.518479,55.758446],
[38.516687,55.757932],
[38.516161,55.757744],
[38.515088,55.757345],
[38.513479,55.756655],
[38.512138,55.755984],
[38.510432,55.754973],
[38.509252,55.754072],
[38.508093,55.753049],
[38.507256,55.752166],
[38.506623,55.751337],
[38.505958,55.750387],
[38.505325,55.749025],
[38.505003,55.748093],
[38.50452,55.746726],
[38.503866,55.744953],
[38.502932,55.74235],
[38.502407,55.741025],
[38.501967,55.739778],
[38.501409,55.738706],
[38.500679,55.737623],
[38.500025,55.736812],
[38.499435,55.736122],
[38.498791,55.735498],
[38.497976,55.734778],
[38.496924,55.733949],
[38.495776,55.733162],
[38.494467,55.732381],
[38.493266,55.731733],
[38.492118,55.731188],
[38.490798,55.73051],
[38.489961,55.73011],
[38.489403,55.729771],
[38.488087,55.729015],
[38.487293,55.728409],
[38.486596,55.727913],
[38.485974,55.727416],
[38.485169,55.726635],
[38.484633,55.72609],
[38.484139,55.725497],
[38.483645,55.724928],
[38.483173,55.724231],
[38.482787,55.723674],
[38.482412,55.722899],
[38.482143,55.72236],
[38.481918,55.721791],
[38.481628,55.720889],
[38.481521,55.720247],
[38.481392,55.719266],
[38.481317,55.718285],
[38.481189,55.717394],
[38.481017,55.716716],
[38.480781,55.715989],
[38.480588,55.715553],
[38.480287,55.71493],
[38.479987,55.714378],
[38.479547,55.713767],
[38.479257,55.713343],
[38.478764,55.712779],
[38.478099,55.712083],
[38.47753,55.71158],
[38.476361,55.710641],
[38.475803,55.710211],
[38.475202,55.709872],
[38.47429,55.709345],
[38.473174,55.708757],
[38.47179,55.708121],
[38.470846,55.70774],
[38.469086,55.707104],
[38.468035,55.706861],
[38.466469,55.706425],
[38.465557,55.706249],
[38.464355,55.706031],
[38.463239,55.705844],
[38.459377,55.705195],
[38.457735,55.704832],
[38.456695,55.704571],
[38.455472,55.704262],
[38.454399,55.703923],
[38.45324,55.703529],
[38.451674,55.702972],
[38.449742,55.702245],
[38.443938,55.700118],
[38.440108,55.698701],
[38.43823,55.697961],
[38.437404,55.697598],
[38.436642,55.697204],
[38.435827,55.696792],
[38.434636,55.696089],
[38.433016,55.695041],
[38.429476,55.692694],
[38.425248,55.689912],
[38.421289,55.687318],
[38.41747,55.684815],
[38.414509,55.682911],
[38.414047,55.682578],
[38.410314,55.680123],
[38.407696,55.678395],
[38.404048,55.676025],
[38.400915,55.673988],
[38.397611,55.671811],
[38.396656,55.671193],
[38.395712,55.670604],
[38.393416,55.669216],
[38.392128,55.668428],
[38.389972,55.667136],
[38.386582,55.665189],
[38.384779,55.664146],
[38.383867,55.663637],
[38.382161,55.6626],
[38.379393,55.661005],
[38.376411,55.659264],
[38.373696,55.657669],
[38.370735,55.65594],
[38.368096,55.654412],
[38.363965,55.652046],
[38.362935,55.651378],
[38.362356,55.65099],
[38.36183,55.650584],
[38.361283,55.650183],
[38.360714,55.649625],
[38.360382,55.649322],
[38.359942,55.648873],
[38.359674,55.648533],
[38.359363,55.648169],
[38.358783,55.647405],
[38.358451,55.646889],
[38.358182,55.646422],
[38.357989,55.646027],
[38.357839,55.645676],
[38.357667,55.645233],
[38.357528,55.644759],
[38.357442,55.644377],
[38.357335,55.643795],
[38.357249,55.643018],
[38.357238,55.642235],
[38.357313,55.641404],
[38.357464,55.640742],
[38.357625,55.640227],
[38.357946,55.639359],
[38.358472,55.638345],
[38.359202,55.637132],
[38.359792,55.636155],
[38.360382,55.635171],
[38.360908,55.634291],
[38.361251,55.633733],
[38.36227,55.631973],
[38.362667,55.631038],
[38.362925,55.630389],
[38.363107,55.629843],
[38.363504,55.628714],
[38.363815,55.627584],
[38.36404,55.62654],
[38.364148,55.625739],
[38.364255,55.62461],
[38.364287,55.623663],
[38.364309,55.622734],
[38.364341,55.621617],
[38.364352,55.620646],
[38.364373,55.619832],
[38.364416,55.619012],
[38.364373,55.618703],
[38.364437,55.617774],
[38.364555,55.616729],
[38.364867,55.614082],
[38.365103,55.611872],
[38.36536,55.610985],
[38.365682,55.60988],
[38.366154,55.608647],
[38.36712,55.606843],
[38.367924,55.605665],
[38.368997,55.604304],
[38.369888,55.603363],
[38.371121,55.602154],
[38.372666,55.600879],
[38.374029,55.599749],
[38.375628,55.598467],
[38.376561,55.597647],
[38.376904,55.597368],
[38.37729,55.596979],
[38.378127,55.596304],
[38.378567,55.595891],
[38.378986,55.595527],
[38.379769,55.594859],
[38.380219,55.594391],
[38.380692,55.593893],
[38.381754,55.592653],
[38.382194,55.592021],
[38.382966,55.59083],
[38.38361,55.58964],
[38.384318,55.588096],
[38.385241,55.586067],
[38.38626,55.583824],
[38.386812,55.582615],
[38.387078,55.582016],
[38.387279,55.58143],
[38.387579,55.58067],
[38.387848,55.579765],
[38.388009,55.578956],
[38.388212,55.577856],
[38.388481,55.576331],
[38.388567,55.575887],
[38.388835,55.574969],
[38.389264,55.57382],
[38.389736,55.572775],
[38.390616,55.570854],
[38.391678,55.568416],
[38.392761,55.565954],
[38.393502,55.564324],
[38.394317,55.562476],
[38.395143,55.560603],
[38.395905,55.558895],
[38.396581,55.557399],
[38.397407,55.555495],
[38.398244,55.553622],
[38.399231,55.551372],
[38.400572,55.548361],
[38.401827,55.545405],
[38.402342,55.544115],
[38.403104,55.541901],
[38.403523,55.540593],
[38.403726,55.539912],
[38.404359,55.537429],
[38.404853,55.535245],
[38.405303,55.532288],
[38.40554,55.530148],
[38.4057,55.527313],
[38.405711,55.525122],
[38.405679,55.524057],
[38.405625,55.523125],
[38.405561,55.522085],
[38.405464,55.520965],
[38.405346,55.519723],
[38.405303,55.519254],
[38.405143,55.518183],
[38.405057,55.517623],
[38.404939,55.516807],
[38.404831,55.516308],
[38.404413,55.514208],
[38.404284,55.513672],
[38.403984,55.512223],
[38.403694,55.510944],
[38.403404,55.509648],
[38.403179,55.508576],
[38.402986,55.507699],
[38.402836,55.507048],
[38.402621,55.506128],
[38.40245,55.505185],
[38.402192,55.5039],
[38.401913,55.502645],
[38.401784,55.501872],
[38.401623,55.500922],
[38.401312,55.499521],
[38.401055,55.498468],
[38.400808,55.497828],
[38.400411,55.496774],
[38.400121,55.496232],
[38.399596,55.495282],
[38.399081,55.494539],
[38.397976,55.493199],
[38.397278,55.492444],
[38.39627,55.491579],
[38.394703,55.490312],
[38.39333,55.489386],
[38.391807,55.488478],
[38.390798,55.487936],
[38.389672,55.48737],
[38.387912,55.486681],
[38.387182,55.486383],
[38.385981,55.485974],
[38.383535,55.485207],
[38.380252,55.484409],
[38.377333,55.483787],
[38.373879,55.482995],
[38.368471,55.481801],
[38.366143,55.481149],
[38.364942,55.480759],
[38.363332,55.480174],
[38.362174,55.479723],
[38.360371,55.478889],
[38.358869,55.478115],
[38.357292,55.477182],
[38.3555,55.475939],
[38.354202,55.474903],
[38.352797,55.473709],
[38.352013,55.473124],
[38.35094,55.472307],
[38.350265,55.471856],
[38.349331,55.471235],
[38.347926,55.470333],
[38.346864,55.469607],
[38.345941,55.469028],
[38.344761,55.468218],
[38.34343,55.467377],
[38.341735,55.466231],
[38.340705,55.465493],
[38.339289,55.464359],
[38.338087,55.463213],
[38.336896,55.461903],
[38.336124,55.460909],
[38.335566,55.460068],
[38.334826,55.458806],
[38.334289,55.457599],
[38.333742,55.455867],
[38.333624,55.455258],
[38.333549,55.454685],
[38.333388,55.453179],
[38.333206,55.45066],
[38.333056,55.448532],
[38.332959,55.446977],
[38.332798,55.444629],
[38.332691,55.443141],
[38.332551,55.440897],
[38.332433,55.439341],
[38.332358,55.437939],
[38.332347,55.437512],
[38.332476,55.435901],
[38.332551,55.435358],
[38.332712,55.434608],
[38.333045,55.433418],
[38.333452,55.432265],
[38.334246,55.430026],
[38.335276,55.427348],
[38.335609,55.426378],
[38.335727,55.425926],
[38.336102,55.424925],
[38.336317,55.424315],
[38.33724,55.421728],
[38.339253,55.41623],
[38.340272,55.413496],
[38.340642,55.412349],
[38.341205,55.410749],
[38.341919,55.40885],
[38.342316,55.407745],
[38.342831,55.406274],
[38.343228,55.4052],
[38.343336,55.404779],
[38.343647,55.403155],
[38.343749,55.402529],
[38.343765,55.401903],
[38.34384,55.400713],
[38.343818,55.399821],
[38.343754,55.399101],
[38.343604,55.398106],
[38.343475,55.397471],
[38.34326,55.396585],
[38.342906,55.395474],
[38.342585,55.394662],
[38.342188,55.393727],
[38.341683,55.392763],
[38.340922,55.391474],
[38.339849,55.38996],
[38.338797,55.388665],
[38.337435,55.387254],
[38.336201,55.386045],
[38.334634,55.384762],
[38.332693,55.383418],
[38.329249,55.381293],
[38.32691,55.379882],
[38.32485,55.378617],
[38.322919,55.377603],
[38.320944,55.37676],
[38.319314,55.376125],
[38.317393,55.375471],
[38.315537,55.374939],
[38.312844,55.374224],
[38.311771,55.373943],
[38.310527,55.373534],
[38.309529,55.373198],
[38.308091,55.372673],
[38.307136,55.372294],
[38.306321,55.371933],
[38.305484,55.371542],
[38.303864,55.370693],
[38.302416,55.369795],
[38.301525,55.369233],
[38.300688,55.368591],
[38.299841,55.367901],
[38.299176,55.367308],
[38.29806,55.366202],
[38.296901,55.364937],
[38.293393,55.361155],
[38.292588,55.360311],
[38.291891,55.359657],
[38.291226,55.359113],
[38.28997,55.358257],
[38.289015,55.357737],
[38.287825,55.357139],
[38.286762,55.356723],
[38.286086,55.356454],
[38.284971,55.356093],
[38.284037,55.355849],
[38.282911,55.355562],
[38.281377,55.355262],
[38.280025,55.355085],
[38.278587,55.354963],
[38.276688,55.354877],
[38.275336,55.354877],
[38.27333,55.354981],
[38.271367,55.35506],
[38.269135,55.355115],
[38.266957,55.355091],
[38.265155,55.355048],
[38.261185,55.354859],
[38.257344,55.354681],
[38.25464,55.354645],
[38.252838,55.354651],
[38.250306,55.354663],
[38.248278,55.354718],
[38.246164,55.354791],
[38.244115,55.354932],
[38.240918,55.355115],
[38.230189,55.35583],
[38.220018,55.356534],
[38.206629,55.35739],
[38.194934,55.358148],
[38.193379,55.358257],
[38.191233,55.35833],
[38.187016,55.358391],
[38.185117,55.358391],
[38.181169,55.3583],
[38.178036,55.358165],
[38.174807,55.357951],
[38.171953,55.357682],
[38.167426,55.3572],
[38.164808,55.356827],
[38.161546,55.356338],
[38.158317,55.355727],
[38.156042,55.355286],
[38.151354,55.354376],
[38.14703,55.353569],
[38.142224,55.352615],
[38.140228,55.35231],
[38.13805,55.352004],
[38.136408,55.351845],
[38.134531,55.351674],
[38.131473,55.351533],
[38.12848,55.351472],
[38.11862,55.35124],
[38.114468,55.351087],
[38.11229,55.350916],
[38.109672,55.350622],
[38.106797,55.350213],
[38.10419,55.349724],
[38.102441,55.349375],
[38.10037,55.34888],
[38.098729,55.348428],
[38.09654,55.34778],
[38.094373,55.347101],
[38.093203,55.346777],
[38.091852,55.34641],
[38.091144,55.346215],
[38.089824,55.345915],
[38.087936,55.345524],
[38.086198,55.3452],
[38.084663,55.344961],
[38.082185,55.344625],
[38.080393,55.344441],
[38.078237,55.344258],
[38.076306,55.34416],
[38.073602,55.344081],
[38.07151,55.344087],
[38.063678,55.344203],
[38.058367,55.344276],
[38.04928,55.344399],
[38.04766,55.344411],
[38.045718,55.34438],
[38.04428,55.344319],
[38.042606,55.344227],
[38.039967,55.343989],
[38.038025,55.343781],
[38.035911,55.343488],
[38.034721,55.343298],
[38.032628,55.342919],
[38.03059,55.342473],
[38.028305,55.341971],
[38.022286,55.340626],
[38.018263,55.339733],
[38.016546,55.339421],
[38.015291,55.339226],
[38.014143,55.339054],
[38.012791,55.338859],
[38.011342,55.338706],
[38.010087,55.338571],
[38.008177,55.338425],
[38.00542,55.338278],
[38.003704,55.338241],
[38.001719,55.338241],
[37.999165,55.338302],
[37.996633,55.338467],
[37.992267,55.338816],
[37.990539,55.338993],
[37.987578,55.339238],
[37.983716,55.339562],
[37.9804,55.339837],
[37.974124,55.340381],
[37.971817,55.340638],
[37.970412,55.340871],
[37.967891,55.341329],
[37.965513,55.341939],
[37.962831,55.342746],
[37.96075,55.343541],
[37.958411,55.344617],
[37.956887,55.345424],
[37.953937,55.347171],
[37.951212,55.348578],
[37.949474,55.349275],
[37.948304,55.349721],
[37.946341,55.350375],
[37.944914,55.350766],
[37.943423,55.351096],
[37.941545,55.351488],
[37.939614,55.351812],
[37.9375,55.352081],
[37.935151,55.352282],
[37.932758,55.352411],
[37.9291,55.352539],
[37.920581,55.352881],
[37.917116,55.353022],
[37.913586,55.353132],
[37.911086,55.353181],
[37.909348,55.353144],
[37.90747,55.352985],
[37.906033,55.352771],
[37.904541,55.352478],
[37.90231,55.35197],
[37.900132,55.351439],
[37.897353,55.350748],
[37.895733,55.350363],
[37.891989,55.349434],
[37.888867,55.348694],
[37.887225,55.348284],
[37.883964,55.347477],
[37.880638,55.34667],
[37.879028,55.346309],
[37.87729,55.345973],
[37.87596,55.345735],
[37.874447,55.345496],
[37.87243,55.345264],
[37.870327,55.345038],
[37.867806,55.344848],
[37.864587,55.344689],
[37.856605,55.344475],
[37.85182,55.344359],
[37.849535,55.344249],
[37.847904,55.344127],
[37.844717,55.343784],
[37.837164,55.342775],
[37.830598,55.341944],
[37.825148,55.341112],
[37.823281,55.340807],
[37.821468,55.340501],
[37.819666,55.340116],
[37.8184,55.339755],
[37.816694,55.339345],
[37.815471,55.339131],
[37.813797,55.338917],
[37.811716,55.338734],
[37.809935,55.338709],
[37.808497,55.338783],
[37.807445,55.338856],
[37.806244,55.338966],
[37.804645,55.339107],
[37.803465,55.339198],
[37.802156,55.339247],
[37.80001,55.339204],
[37.798551,55.339088],
[37.797307,55.33896],
[37.795547,55.338697],
[37.7925,55.338263],
[37.789228,55.33781],
[37.785805,55.337327],
[37.782007,55.336801],
[37.773682,55.335627],
[37.771289,55.335389],
[37.765217,55.334899],
[37.762331,55.334753],
[37.75496,55.334508],
[37.745916,55.334269],
[37.735434,55.333958],
[37.7324,55.333798],
[37.730393,55.333627],
[37.728376,55.333383],
[37.725233,55.33301],
[37.723527,55.332881],
[37.722314,55.332789],
[37.720426,55.332698],
[37.718967,55.332655],
[37.717841,55.33263],
[37.715105,55.332618],
[37.709923,55.332563],
[37.702842,55.332594],
[37.697145,55.332588],
[37.688014,55.332606],
[37.680912,55.332569],
[37.673724,55.332539],
[37.669056,55.332539],
[37.653732,55.332472],
[37.642102,55.332325],
[37.634892,55.332203],
[37.625815,55.332044],
[37.620966,55.331946],
[37.616331,55.33186],
[37.610688,55.331799],
[37.609271,55.331701],
[37.606857,55.331523],
[37.604132,55.331242],
[37.601386,55.330881],
[37.598811,55.330484],
[37.596901,55.33011],
[37.594637,55.329633],
[37.592502,55.329095],
[37.590357,55.328557],
[37.587385,55.328006],
[37.585239,55.327664],
[37.583286,55.327456],
[37.58157,55.327285],
[37.579746,55.32715],
[37.576742,55.327015],
[37.574714,55.327015],
[37.573265,55.327052],
[37.571903,55.327126],
[37.569124,55.327334],
[37.567032,55.327566],
[37.564146,55.328019],
[37.561517,55.328539],
[37.558535,55.329211],
[37.552623,55.330508],
[37.545564,55.332062],
[37.543611,55.332612],
[37.542109,55.333034],
[37.540264,55.333615],
[37.537034,55.334642],
[37.535232,55.335144],
[37.533826,55.33548],
[37.530404,55.33619],
[37.528794,55.336495],
[37.523881,55.337498],
[37.519181,55.338434],
[37.51519,55.339149],
[37.509472,55.339987],
[37.503453,55.34069],
[37.499279,55.341051],
[37.494623,55.341339],
[37.489945,55.341614],
[37.485922,55.34184],
[37.47868,55.342256],
[37.475225,55.342494],
[37.473401,55.342714],
[37.47191,55.342886],
[37.469679,55.343191],
[37.46735,55.343589],
[37.465741,55.343943],
[37.463531,55.344463],
[37.461364,55.345068],
[37.459937,55.34549],
[37.457791,55.346206],
[37.455999,55.34689],
[37.453403,55.347979],
[37.451579,55.348847],
[37.449852,55.349715],
[37.448435,55.35054],
[37.447116,55.351329],
[37.445549,55.35237],
[37.444305,55.353268],
[37.442867,55.354332],
[37.441204,55.355536],
[37.439917,55.356471],
[37.438329,55.357584],
[37.436644,55.358849],
[37.434853,55.360169],
[37.432954,55.36163],
[37.430518,55.363457],
[37.428705,55.364905],
[37.42775,55.365632],
[37.427064,55.366195],
[37.426109,55.366928],
[37.421198,55.370803],
[37.418752,55.372648],
[37.417314,55.373589],
[37.415297,55.37486],
[37.412894,55.376228],
[37.411156,55.37712],
[37.40813,55.378586],
[37.405985,55.379478],
[37.404096,55.380223],
[37.402444,55.380749],
[37.399097,55.381811],
[37.394762,55.383009],
[37.386566,55.384756],
[37.379055,55.386344],
[37.372618,55.387724],
[37.370043,55.388261],
[37.367618,55.388689],
[37.364035,55.389251],
[37.360688,55.389666],
[37.35513,55.390142],
[37.351053,55.390374],
[37.336891,55.391046],
[37.32421,55.391681],
[37.309103,55.392378],
[37.296186,55.393013],
[37.285607,55.393538],
[37.26842,55.394368],
[37.266424,55.394527],
[37.26475,55.394722],
[37.26312,55.394942],
[37.261381,55.395187],
[37.26033,55.395431],
[37.258334,55.395883],
[37.256704,55.396347],
[37.255309,55.396786],
[37.254343,55.397116],
[37.252841,55.397714],
[37.250026,55.39902],
[37.246775,55.400455],
[37.243502,55.401927],
[37.240005,55.403526],
[37.237548,55.404655],
[37.23626,55.405266],
[37.231905,55.407201],
[37.227989,55.408855],
[37.223869,55.410479],
[37.221498,55.411413],
[37.219427,55.41231],
[37.21609,55.413799],
[37.214889,55.414318],
[37.213902,55.414782],
[37.212775,55.41535],
[37.211885,55.415752],
[37.210629,55.416344],
[37.209814,55.416766],
[37.208269,55.417553],
[37.207614,55.417852],
[37.206928,55.418181],
[37.205812,55.418657],
[37.204686,55.419158],
[37.203795,55.419591],
[37.202583,55.420171],
[37.200308,55.421306],
[37.195427,55.423612],
[37.192401,55.424979],
[37.190631,55.425846],
[37.189794,55.426194],
[37.188903,55.426529],
[37.187927,55.426877],
[37.187219,55.427072],
[37.186253,55.427353],
[37.184505,55.427768],
[37.183249,55.428012],
[37.177917,55.428976],
[37.1756,55.429427],
[37.17236,55.430049],
[37.170782,55.430354],
[37.168765,55.430849],
[37.16765,55.43119],
[37.16663,55.43152],
[37.165579,55.43191],
[37.164334,55.432429],
[37.163369,55.432929],
[37.162092,55.433618],
[37.160933,55.434283],
[37.156803,55.43643],
[37.153927,55.437955],
[37.15131,55.439303],
[37.149153,55.440432],
[37.147812,55.441078],
[37.145977,55.44195],
[37.144765,55.44253],
[37.14292,55.443396],
[37.140785,55.444335],
[37.138864,55.445171],
[37.136718,55.446122],
[37.134304,55.447128],
[37.131526,55.44836],
[37.129519,55.449195],
[37.127964,55.449897],
[37.125882,55.45083],
[37.124026,55.451567],
[37.122331,55.452153],
[37.119831,55.452988],
[37.117889,55.453513],
[37.113276,55.454671],
[37.112847,55.454854],
[37.112332,55.455177],
[37.111945,55.455677],
[37.111538,55.456153],
[37.110969,55.456524],
[37.110197,55.456793],
[37.109328,55.456927],
[37.108577,55.457134],
[37.107997,55.45736],
[37.107236,55.457786],
[37.106034,55.458323],
[37.099886,55.460944],
[37.095251,55.46295],
[37.092569,55.464132],
[37.088224,55.46601],
[37.085939,55.466997],
[37.084329,55.467728],
[37.082409,55.468667],
[37.081282,55.469167],
[37.079813,55.469788],
[37.077399,55.470806],
[37.076358,55.471269],
[37.073976,55.472281],
[37.071423,55.473366],
[37.068901,55.474457],
[37.065575,55.475907],
[37.063355,55.476864],
[37.061359,55.477723],
[37.058806,55.478814],
[37.056595,55.479789],
[37.055201,55.480428],
[37.054407,55.480837],
[37.053345,55.481367],
[37.052315,55.481976],
[37.050705,55.482926],
[37.049761,55.483511],
[37.047036,55.485138],
[37.044772,55.486497],
[37.042541,55.487849],
[37.040556,55.489037],
[37.039343,55.489768],
[37.037444,55.490913],
[37.035535,55.49207],
[37.033539,55.493234],
[37.031855,55.494227],
[37.030052,55.495287],
[37.027896,55.496626],
[37.025847,55.497881],
[37.023669,55.499221],
[37.021609,55.500457],
[37.020289,55.501237],
[37.018465,55.502388],
[37.016008,55.503843],
[37.013487,55.505329],
[37.011212,55.506693],
[37.009217,55.507868],
[37.007307,55.509007],
[37.004882,55.510443],
[37.002179,55.512033],
[37.000741,55.512903],
[36.998703,55.514157],
[36.99749,55.514863],
[36.995731,55.515941],
[36.994003,55.516915],
[36.993242,55.517384],
[36.991364,55.518516],
[36.98968,55.519581],
[36.9888,55.520117],
[36.986847,55.521298],
[36.985699,55.521961],
[36.983564,55.523215],
[36.979992,55.525345],
[36.979595,55.525765],
[36.97894,55.526538],
[36.978726,55.527055],
[36.978511,55.527798],
[36.978532,55.528309],
[36.978854,55.529307],
[36.979208,55.529909],
[36.980067,55.530786],
[36.981161,55.531917],
[36.982481,55.533092],
[36.983521,55.534053],
[36.98438,55.534674],
[36.985892,55.535641],
[36.988221,55.537181],
[36.989444,55.538081],
[36.989787,55.538483],
[36.990044,55.538982],
[36.99013,55.539389],
[36.990066,55.539815],
[36.989959,55.540186],
[36.989615,55.540618],
[36.988778,55.54181],
[36.987727,55.543337],
[36.987362,55.543988],
[36.987437,55.544584],
[36.987684,55.545138],
[36.988167,55.545613],
[36.98866,55.545923],
[36.989669,55.546458],
[36.990517,55.546969],
[36.991139,55.54751],
[36.991579,55.548106],
[36.991986,55.54883],
[36.99219,55.549524],
[36.992244,55.550393],
[36.992115,55.55102],
[36.991847,55.551829],
[36.991375,55.552546],
[36.990452,55.553574],
[36.990034,55.554134],
[36.98968,55.555046],
[36.989647,55.555672],
[36.989776,55.556396],
[36.990162,55.557065],
[36.99057,55.557649],
[36.991997,55.559497],
[36.993488,55.561388],
[36.994669,55.562975],
[36.995945,55.564641],
[36.996224,55.565274],
[36.996396,55.565961],
[36.997007,55.568003],
[36.997662,55.570052],
[36.99793,55.570855],
[36.998306,55.572259],
[36.998563,55.573165],
[36.998703,55.573894],
[36.998831,55.574636],
[36.999121,55.575639],
[36.999368,55.57641],
[36.999786,55.577687],
[37.000194,55.579036],
[37.00058,55.580318],
[37.000999,55.581741],
[37.001514,55.583716],
[37.001953,55.58532],
[37.002125,55.586001],
[37.002286,55.586511],
[37.002501,55.587228],
[37.002898,55.58837],
[37.003134,55.589148],
[37.00352,55.590467],
[37.00381,55.591597],
[37.004088,55.59263],
[37.004561,55.593225],
[37.005097,55.593608],
[37.005773,55.593875],
[37.006996,55.594361],
[37.007704,55.594762],
[37.008198,55.595266],
[37.008487,55.595686],
[37.008573,55.596099],
[37.008552,55.596481],
[37.008369,55.596882],
[37.007994,55.597617],
[37.007522,55.598662],
[37.006942,55.59995],
[37.006331,55.601207],
[37.006127,55.601821],
[37.005612,55.60286],
[37.005161,55.603564],
[37.004528,55.604542],
[37.00441,55.605222],
[37.004603,55.60589],
[37.005108,55.606449],
[37.006116,55.607221],
[37.006867,55.607694],
[37.007972,55.608423],
[37.008874,55.609043],
[37.010043,55.60985],
[37.010751,55.610403],
[37.011127,55.610974],
[37.011352,55.611429],
[37.011373,55.611866],
[37.01133,55.612498],
[37.011116,55.612893],
[37.010837,55.61347],
[37.010494,55.614453],
[37.010526,55.615109],
[37.010773,55.615807],
[37.011266,55.616384],
[37.011824,55.616906],
[37.012961,55.617817],
[37.013519,55.618254],
[37.014098,55.618916],
[37.014249,55.619305],
[37.014249,55.619766],
[37.014034,55.620325],
[37.013594,55.620768],
[37.012779,55.621235],
[37.010773,55.622249],
[37.009893,55.622741],
[37.009431,55.623239],
[37.009228,55.623615],
[37.009228,55.624319],
[37.009453,55.624732],
[37.010054,55.625497],
[37.010923,55.626432],
[37.011513,55.62716],
[37.011835,55.627646],
[37.011996,55.628192],
[37.012146,55.628617],
[37.012199,55.629078],
[37.012189,55.629746],
[37.011942,55.630207],
[37.011556,55.630632],
[37.010998,55.630954],
[37.0103,55.631251],
[37.009485,55.631421],
[37.008198,55.6315],
[37.006567,55.6315],
[37.004325,55.6315],
[36.999282,55.631512],
[36.998386,55.631591],
[36.997576,55.631719],
[36.996686,55.631931],
[36.99572,55.632277],
[36.99483,55.632781],
[36.994186,55.633279],
[36.993891,55.633585],
[36.99366,55.633916],
[36.993349,55.634505],
[36.993263,55.634966],
[36.993295,55.635549],
[36.993295,55.635998],
[36.993338,55.636823],
[36.993435,55.637782],
[36.993499,55.638583],
[36.993564,55.639469],
[36.993606,55.64007],
[36.993682,55.640755],
[36.993692,55.641283],
[36.993542,55.642011],
[36.99322,55.64263],
[36.992877,55.643152],
[36.992684,55.643413],
[36.991986,55.643929],
[36.99072,55.644942],
[36.989369,55.64604],
[36.988768,55.646629],
[36.988103,55.64749],
[36.987663,55.6484],
[36.987405,55.649329],
[36.987319,55.650136],
[36.987362,55.65073],
[36.987437,55.651616],
[36.98748,55.652113],
[36.987362,55.652623],
[36.987148,55.65332],
[36.986794,55.653903],
[36.986214,55.654728],
[36.985549,55.65531],
[36.984766,55.655905],
[36.984047,55.656317],
[36.983285,55.656699],
[36.982642,55.656984],
[36.98173,55.657275],
[36.980313,55.657694],
[36.979273,55.657894],
[36.97835,55.658046],
[36.976387,55.658258],
[36.974563,55.658294],
[36.971516,55.658307],
[36.969542,55.658319],
[36.967943,55.658349],
[36.966505,55.658501],
[36.965218,55.658731],
[36.964059,55.659046],
[36.962214,55.659501],
[36.959489,55.660187],
[36.956731,55.660866],
[36.954704,55.661309],
[36.950434,55.662309],
[36.945649,55.663486],
[36.94228,55.664402],
[36.938997,55.665269],
[36.933976,55.666615],
[36.930017,55.667652],
[36.923021,55.66952],
[36.916155,55.671351],
[36.909407,55.673146],
[36.908119,55.67351],
[36.907111,55.673837],
[36.906059,55.674189],
[36.905212,55.674516],
[36.9046,55.674758],
[36.903066,55.675395],
[36.902068,55.675862],
[36.900695,55.676571],
[36.899386,55.677335],
[36.898356,55.677996],
[36.896704,55.679245],
[36.895877,55.679936],
[36.895041,55.680669],
[36.892155,55.683349],
[36.890191,55.685185],
[36.88796,55.68724],
[36.886651,55.68844],
[36.883808,55.691058],
[36.882348,55.69244],
[36.881222,55.693531],
[36.88061,55.694427],
[36.880299,55.695294],
[36.880203,55.696009],
[36.880299,55.696869],
[36.880503,55.697421],
[36.880975,55.698336],
[36.881361,55.698784],
[36.88179,55.699408],
[36.882005,55.699869],
[36.882145,55.700372],
[36.882112,55.700862],
[36.881951,55.701371],
[36.88179,55.70182],
[36.881308,55.702456],
[36.880524,55.703062],
[36.87957,55.703746],
[36.878937,55.704255],
[36.878357,55.704716],
[36.877767,55.705273],
[36.877145,55.705842],
[36.875686,55.707254],
[36.875139,55.707932],
[36.874763,55.708484],
[36.87413,55.709834],
[36.873561,55.711149],
[36.873207,55.71193],
[36.872692,55.712942],
[36.872038,55.714468],
[36.871523,55.715776],
[36.871394,55.716436],
[36.871416,55.717181],
[36.871512,55.717787],
[36.871791,55.718586],
[36.872049,55.719028],
[36.872424,55.719658],
[36.87295,55.720215],
[36.873712,55.720918],
[36.874355,55.72142],
[36.875353,55.722153],
[36.876115,55.722735],
[36.876855,55.723304],
[36.877435,55.723758],
[36.878003,55.724297],
[36.878357,55.724684],
[36.878733,55.725132],
[36.879151,55.725756],
[36.879419,55.726259],
[36.879709,55.726937],
[36.879859,55.727579],
[36.879988,55.728323],
[36.879988,55.729086],
[36.879838,55.729946],
[36.879623,55.730515],
[36.879258,55.731381],
[36.878947,55.731883],
[36.878432,55.732731],
[36.878068,55.733294],
[36.877445,55.734329],
[36.877188,55.734916],
[36.876995,55.735437],
[36.876909,55.736308],
[36.876984,55.73721],
[36.877123,55.737755],
[36.877499,55.738621],
[36.877874,55.739159],
[36.878293,55.73971],
[36.879076,55.740654],
[36.88001,55.741635],
[36.880771,55.742373],
[36.881833,55.743469],
[36.882981,55.744552],
[36.883679,55.745218],
[36.884269,55.745811],
[36.885106,55.746604],
[36.885964,55.747536],
[36.886769,55.748389],
[36.887863,55.749575],
[36.888711,55.750489],
[36.889505,55.751372],
[36.890073,55.752074],
[36.89091,55.753036],
[36.891897,55.754192],
[36.892712,55.755178],
[36.893227,55.755783],
[36.893946,55.756654],
[36.894579,55.757441],
[36.895395,55.75839],
[36.89636,55.759498],
[36.897122,55.760363],
[36.897508,55.760853],
[36.898946,55.762571],
[36.901574,55.76562],
[36.904214,55.768686],
[36.906832,55.771776],
[36.909342,55.774703],
[36.911831,55.777606],
[36.91417,55.780333],
[36.916981,55.78363],
[36.919084,55.786097],
[36.920404,55.78762],
[36.920747,55.788062],
[36.921069,55.788545],
[36.92138,55.788987],
[36.921712,55.789609],
[36.921895,55.790196],
[36.922056,55.790818],
[36.922077,55.791272],
[36.92212,55.7919],
[36.922034,55.79268],
[36.9219,55.793475],
[36.921798,55.79427],
[36.921476,55.796095],
[36.921058,55.798543],
[36.920768,55.800616],
[36.920489,55.802211],
[36.920178,55.804241],
[36.919932,55.805885],
[36.919406,55.808936],
[36.918955,55.811903],
[36.918526,55.814434],
[36.918215,55.816355],
[36.917914,55.817847],
[36.917668,55.819695],
[36.917743,55.820928],
[36.917882,55.821598],
[36.918226,55.822637],
[36.918354,55.823211],
[36.918633,55.824105],
[36.918891,55.824974],
[36.919105,55.825874],
[36.919417,55.827136],
[36.919588,55.827885],
[36.919942,55.829075],
[36.9202,55.829944],
[36.920393,55.830621],
[36.921004,55.83268],
[36.921562,55.83457],
[36.922088,55.836363],
[36.922624,55.838204],
[36.923129,55.840004],
[36.923665,55.841821],
[36.924255,55.843891],
[36.924802,55.845726],
[36.925274,55.847278],
[36.92565,55.848014],
[36.926068,55.848781],
[36.926347,55.849155],
[36.926605,55.849565],
[36.927313,55.85035],
[36.927935,55.851056],
[36.928579,55.851666],
[36.929405,55.852492],
[36.930027,55.85309],
[36.931122,55.854092],
[36.932656,55.855552],
[36.934491,55.857284],
[36.93581,55.858503],
[36.937312,55.86003],
[36.938321,55.860977],
[36.938707,55.861363],
[36.938975,55.861725],
[36.939222,55.861997],
[36.939651,55.862576],
[36.939812,55.862896],
[36.939984,55.863245],
[36.940134,55.863559],
[36.940263,55.863897],
[36.940509,55.864911],
[36.941035,55.866908],
[36.94155,55.869007],
[36.941969,55.870648],
[36.942408,55.872355],
[36.942838,55.87414],
[36.942999,55.875015],
[36.943363,55.876438],
[36.943685,55.877753],
[36.943739,55.878453],
[36.943953,55.881209],
[36.944028,55.882849],
[36.944157,55.885207],
[36.944275,55.887016],
[36.944393,55.88912],
[36.944479,55.891219],
[36.944661,55.892955],
[36.944758,55.894185],
[36.944801,55.895222],
[36.944876,55.897115],
[36.945005,55.898411],
[36.94508,55.899743],
[36.945134,55.901449],
[36.945209,55.903215],
[36.945252,55.903884],
[36.945348,55.905264],
[36.945531,55.907855],
[36.945627,55.910344],
[36.945767,55.912875],
[36.945917,55.915273],
[36.946045,55.91731],
[36.946131,55.918955],
[36.94626,55.920937],
[36.946346,55.92216],
[36.946464,55.922714],
[36.946507,55.923015],
[36.946646,55.923353],
[36.946925,55.924178],
[36.947129,55.924666],
[36.94729,55.924943],
[36.947762,55.925708],
[36.948309,55.926575],
[36.948846,55.927135],
[36.949683,55.927985],
[36.950155,55.928406],
[36.950734,55.928973],
[36.951442,55.929659],
[36.951989,55.930189],
[36.952869,55.931069],
[36.953287,55.931466],
[36.953867,55.931978],
[36.954156,55.932267],
[36.954586,55.932743],
[36.955712,55.933803],
[36.956753,55.934785],
[36.958684,55.936682],
[36.960122,55.938073],
[36.961581,55.939464],
[36.96289,55.940704],
[36.963566,55.941372],
[36.964735,55.94248],
[36.965422,55.943197],
[36.966817,55.944515],
[36.968726,55.946394],
[36.970775,55.94832],
[36.972685,55.950096],
[36.974445,55.951836],
[36.976322,55.953564],
[36.979219,55.956272],
[36.980024,55.957025],
[36.980464,55.957476],
[36.980818,55.957813],
[36.98115,55.958162],
[36.983328,55.960269],
[36.986171,55.963061],
[36.987598,55.964457],
[36.988221,55.964975],
[36.988392,55.965179],
[36.98895,55.965721],
[36.990066,55.96678],
[36.990881,55.967526],
[36.99131,55.967935],
[36.991632,55.96826],
[36.993381,55.969927],
[36.994626,55.971136],
[36.996847,55.973272],
[36.99807,55.974433],
[36.998585,55.974902],
[36.999325,55.975522],
[37.000022,55.975973],
[37.001267,55.9769],
[37.002619,55.977886],
[37.003842,55.97874],
[37.004904,55.979541],
[37.005762,55.980136],
[37.006374,55.980587],
[37.01279,55.985231],
[37.016437,55.987877],
[37.019753,55.990288],
[37.020547,55.99095],
[37.020868,55.991257],
[37.021126,55.991563],
[37.021426,55.99187],
[37.021695,55.992237],
[37.022006,55.992652],
[37.022392,55.993331],
[37.022671,55.994221],
[37.023175,55.995821],
[37.024087,55.998544],
[37.024892,56.000853],
[37.025718,56.002729],
[37.026404,56.004526],
[37.026962,56.006161],
[37.027295,56.007658],
[37.027703,56.009455],
[37.028046,56.011138],
[37.028389,56.012749],
[37.028582,56.013548],
[37.028894,56.014408],
[37.029451,56.015531],
[37.029966,56.016253],
[37.030696,56.017052],
[37.031243,56.017581],
[37.032541,56.018578],
[37.033904,56.019462],
[37.034714,56.019885],
[37.035503,56.020261],
[37.036811,56.020802],
[37.038356,56.02136],
[37.041521,56.022448],
[37.048205,56.024749],
[37.054364,56.0269],
[37.059739,56.028751],
[37.067271,56.031388],
[37.074716,56.033977],
[37.081347,56.036271],
[37.087612,56.038458],
[37.092086,56.039995],
[37.096228,56.041449],
[37.101345,56.04325],
[37.10391,56.044091],
[37.106259,56.044806],
[37.107847,56.04531],
[37.109499,56.045917],
[37.112021,56.046781],
[37.113641,56.04734],
[37.116977,56.048493],
[37.119627,56.049429],
[37.122428,56.050462],
[37.126569,56.051897],
[37.131408,56.05356],
[37.134133,56.054527],
[37.136087,56.055153],
[37.137676,56.055732],
[37.138881,56.056241],
[37.140474,56.057162],
[37.142953,56.058584],
[37.144414,56.0594],
[37.145554,56.059915],
[37.147061,56.060428],
[37.148424,56.060782],
[37.150065,56.061118],
[37.155075,56.062199],
[37.159828,56.063171],
[37.164291,56.064149],
[37.168304,56.064966],
[37.171233,56.065626],
[37.171963,56.065848],
[37.173261,56.066256],
[37.174752,56.066838],
[37.1756,56.0673],
[37.177048,56.06811],
[37.179205,56.069533],
[37.181393,56.070907],
[37.183636,56.072311],
[37.185181,56.073301],
[37.188474,56.07539],
[37.193131,56.078348],
[37.197368,56.080988],
[37.201714,56.083741],
[37.203559,56.084899],
[37.206166,56.086579],
[37.208366,56.087946],
[37.210211,56.089158],
[37.211316,56.089812],
[37.213086,56.090801],
[37.214685,56.091605],
[37.21962,56.09389],
[37.221605,56.09482],
[37.224362,56.096055],
[37.227109,56.097345],
[37.229147,56.098268],
[37.232216,56.099671],
[37.235241,56.101068],
[37.23773,56.102226],
[37.239833,56.103179],
[37.242419,56.104378],
[37.247129,56.106555],
[37.251238,56.108443],
[37.253062,56.109247],
[37.254124,56.109666],
[37.25583,56.110368],
[37.258909,56.111603],
[37.26275,56.113101],
[37.265625,56.114234],
[37.267052,56.114786],
[37.268951,56.115439],
[37.269949,56.115763],
[37.271752,56.116344],
[37.274198,56.117057],
[37.275496,56.117441],
[37.277996,56.1181],
[37.280463,56.118658],
[37.284197,56.119443],
[37.287673,56.120066],
[37.289615,56.120396],
[37.292759,56.120857],
[37.296857,56.121343],
[37.298992,56.121684],
[37.302618,56.122404],
[37.305526,56.123135],
[37.308766,56.124111],
[37.311534,56.125046],
[37.313079,56.125688],
[37.315032,56.126538],
[37.316373,56.127198],
[37.319409,56.128786],
[37.321394,56.130002],
[37.32325,56.131362],
[37.324698,56.132494],
[37.326157,56.133783],
[37.327488,56.135107],
[37.328797,56.136622],
[37.329955,56.138],
[37.331211,56.139396],
[37.332477,56.140804],
[37.333807,56.142241],
[37.335373,56.143751],
[37.33664,56.14499],
[37.337948,56.146098],
[37.33885,56.147033],
[37.340384,56.148452],
[37.342122,56.149943],
[37.343603,56.151183],
[37.344289,56.15177],
[37.346113,56.153189],
[37.34725,56.154081],
[37.348473,56.154974],
[37.350802,56.156644],
[37.352314,56.157752],
[37.353891,56.158812],
[37.355447,56.159913],
[37.357325,56.161093],
[37.358837,56.162105],
[37.359846,56.162703],
[37.361187,56.163541],
[37.363226,56.164781],
[37.365007,56.165828],
[37.368011,56.167498],
[37.370049,56.168582],
[37.372055,56.169623],
[37.373901,56.170599],
[37.374984,56.17112],
[37.377184,56.172203],
[37.37963,56.173358],
[37.383106,56.17495],
[37.387323,56.176769],
[37.391228,56.178349],
[37.392912,56.179019],
[37.39464,56.179672],
[37.397129,56.180599],
[37.399575,56.181485],
[37.40157,56.182215],
[37.402901,56.182646],
[37.405207,56.1834],
[37.406581,56.183824],
[37.408159,56.184355],
[37.412386,56.185647],
[37.416807,56.186855],
[37.420669,56.187837],
[37.424252,56.18865],
[37.428308,56.189488],
[37.434488,56.190613],
[37.439144,56.191342],
[37.445045,56.192132],
[37.450474,56.192647],
[37.454851,56.193017],
[37.462168,56.19346],
[37.467854,56.193663],
[37.475729,56.193974],
[37.481587,56.194214],
[37.483046,56.194238],
[37.484742,56.194202],
[37.486437,56.194166],
[37.48796,56.194118],
[37.489355,56.194022],
[37.490621,56.193927],
[37.494054,56.193544],
[37.496629,56.193233],
[37.498882,56.192958],
[37.501822,56.192658],
[37.505749,56.192312],
[37.509278,56.192143],
[37.511403,56.192131],
[37.515898,56.192161],
[37.525082,56.192233],
[37.536594,56.192359],
[37.546175,56.19243],
[37.555434,56.19249],
[37.564113,56.192556],
[37.568738,56.192562],
[37.570347,56.192496],
[37.573909,56.192263],
[37.577653,56.191856],
[37.579745,56.191533],
[37.582535,56.191031],
[37.584123,56.19069],
[37.587309,56.189894],
[37.589101,56.189379],
[37.594455,56.187723],
[37.597223,56.186814],
[37.600162,56.185928],
[37.6019,56.185473],
[37.603703,56.185067],
[37.606364,56.184588],
[37.608445,56.184313],
[37.611535,56.183918],
[37.614067,56.183499],
[37.616363,56.182925],
[37.618316,56.182434],
[37.621835,56.181512],
[37.624367,56.18089],
[37.629731,56.179526],
[37.632671,56.178808],
[37.639666,56.177048],
[37.643786,56.176019],
[37.652111,56.173948],
[37.660179,56.171901],
[37.668398,56.169842],
[37.675007,56.168166],
[37.681594,56.166502],
[37.689469,56.164527],
[37.696894,56.162779],
[37.699919,56.16206],
[37.707322,56.160288],
[37.712751,56.158947],
[37.715004,56.158492],
[37.718137,56.158001],
[37.720518,56.157762],
[37.724188,56.157558],
[37.726376,56.15757],
[37.728501,56.157474],
[37.730046,56.157414],
[37.73232,56.157247],
[37.734015,56.157079],
[37.735346,56.156911],
[37.736719,56.156732],
[37.737835,56.156576],
[37.739187,56.156408],
[37.749272,56.155055],
[37.754164,56.15442],
[37.763326,56.153199],
[37.765858,56.152911],
[37.769056,56.152492],
[37.774742,56.151762],
[37.779527,56.151079],
[37.787166,56.150061],
[37.792101,56.149414],
[37.798925,56.148516],
[37.801671,56.148156],
[37.804203,56.147845],
[37.807379,56.147282],
[37.810855,56.146575],
[37.813366,56.145904],
[37.815812,56.145246],
[37.818966,56.144239],
[37.822121,56.142982],
[37.823794,56.142239],
[37.825897,56.141161],
[37.828257,56.139867],
[37.829802,56.138932],
[37.832227,56.137638],
[37.833793,56.136895],
[37.835532,56.136141],
[37.837098,56.135518],
[37.838729,56.134966],
[37.840252,56.134439],
[37.842012,56.133924],
[37.843385,56.133541],
[37.845831,56.132953],
[37.847441,56.132654],
[37.849393,56.132234],
[37.851024,56.131983],
[37.853556,56.131635],
[37.856002,56.131432],
[37.858234,56.131288],
[37.860787,56.131168],
[37.864843,56.13106],
[37.867933,56.130988],
[37.871902,56.130784],
[37.87437,56.130617],
[37.876709,56.130461],
[37.879176,56.130221],
[37.881258,56.129982],
[37.883983,56.129646],
[37.887159,56.129191],
[37.892094,56.128376],
[37.894733,56.12786],
[37.898124,56.127177],
[37.900548,56.126686],
[37.902737,56.126254],
[37.906449,56.125547],
[37.909561,56.124972],
[37.912479,56.124457],
[37.916019,56.123786],
[37.919281,56.123102],
[37.923701,56.122203],
[37.92692,56.121556],
[37.93001,56.120933],
[37.931769,56.120549],
[37.9331,56.120166],
[37.934215,56.119806],
[37.935417,56.119363],
[37.936447,56.118871],
[37.938185,56.117905],
[37.939526,56.11703],
[37.942101,56.115544],
[37.943614,56.114783],
[37.94517,56.114081],
[37.946328,56.113536],
[37.947423,56.113104],
[37.949407,56.112361],
[37.950502,56.111947],
[37.951864,56.11151],
[37.953506,56.111],
[37.955448,56.110329],
[37.958269,56.109351],
[37.959085,56.108968],
[37.96063,56.10832],
[37.96196,56.107631],
[37.964224,56.106468],
[37.966252,56.105335],
[37.967679,56.104369],
[37.969138,56.103332],
[37.969814,56.102798],
[37.970822,56.102001],
[37.971809,56.101263],
[37.972957,56.100442],
[37.97432,56.09947],
[37.975521,56.098673],
[37.976702,56.097881],
[37.977774,56.097282],
[37.978719,56.096724],
[37.979899,56.096064],
[37.98198,56.094937],
[37.985958,56.092784],
[37.990314,56.090361],
[37.992288,56.089305],
[37.994691,56.08801],
[37.996086,56.08729],
[37.99718,56.08681],
[37.998382,56.086318],
[38.000163,56.08567],
[38.001085,56.085418],
[38.00218,56.085083],
[38.00351,56.084795],
[38.004798,56.084543],
[38.005828,56.084375],
[38.008188,56.084075],
[38.009454,56.083979],
[38.010827,56.083883],
[38.011986,56.083883],
[38.014604,56.083871],
[38.016749,56.083979],
[38.022758,56.084207],
[38.024818,56.084123],
[38.026105,56.084015],
[38.027135,56.083895],
[38.028229,56.083763],
[38.029109,56.083571],
[38.029924,56.083391],
[38.030568,56.083283],
[38.031276,56.083103],
[38.032199,56.082827],
[38.033079,56.082539],
[38.034216,56.082191],
[38.035139,56.081807],
[38.035868,56.081423],
[38.036619,56.081075],
[38.037939,56.080475],
[38.040331,56.079316],
[38.042414,56.078351],
[38.043765,56.077847],
[38.04486,56.077499],
[38.046061,56.077127],
[38.047842,56.076635],
[38.049559,56.076287],
[38.051125,56.075951],
[38.058507,56.074871],
[38.065459,56.073827],
[38.069643,56.073179],
[38.073484,56.072543],
[38.07593,56.072003],
[38.078012,56.071415],
[38.080715,56.070611],
[38.082647,56.069974],
[38.085264,56.06911],
[38.087239,56.068486],
[38.098096,56.064897],
[38.108568,56.061452],
[38.118052,56.058342],
[38.128802,56.054788],
[38.1379,56.051811],
[38.147749,56.048556],
[38.155495,56.046082],
[38.160602,56.044389],
[38.16337,56.04356],
[38.165194,56.0432],
[38.167748,56.042755],
[38.170323,56.042467],
[38.172576,56.042311],
[38.17543,56.042269],
[38.17848,56.042167],
[38.181205,56.041963],
[38.184596,56.041626],
[38.187213,56.041314],
[38.19099,56.040906],
[38.193007,56.040593],
[38.195045,56.040197],
[38.197041,56.039608],
[38.199251,56.038912],
[38.200539,56.038383],
[38.202599,56.037362],
[38.203843,56.036713],
[38.205259,56.035957],
[38.212684,56.031932],
[38.216031,56.030166],
[38.217919,56.029241],
[38.22043,56.028147],
[38.222726,56.02727],
[38.224035,56.026814],
[38.227725,56.025648],
[38.232103,56.02423],
[38.238283,56.022127],
[38.242188,56.020793],
[38.245321,56.019748],
[38.254054,56.016851],
[38.263109,56.013834],
[38.269117,56.011815],
[38.270641,56.01131],
[38.272186,56.010853],
[38.273216,56.010517],
[38.274889,56.009892],
[38.27622,56.009375],
[38.277454,56.008891],
[38.279734,56.007916],
[38.281584,56.006987],
[38.28255,56.006443],
[38.284562,56.005272],
[38.286343,56.004082],
[38.287458,56.00324],
[38.288682,56.002218],
[38.289433,56.001497],
[38.290548,56.000439],
[38.291729,55.999236],
[38.293145,55.997457],
[38.29469,55.99504],
[38.296213,55.992574],
[38.299325,55.987751],
[38.301148,55.984768],
[38.302093,55.983553],
[38.30308,55.98247],
[38.304313,55.981351],
[38.30559,55.980383],
[38.306813,55.979528],
[38.307875,55.978855],
[38.309013,55.978175],
[38.310128,55.977585],
[38.311588,55.976948],
[38.31324,55.976286],
[38.314978,55.975745],
[38.317231,55.975107],
[38.319334,55.974565],
[38.320965,55.974222],
[38.322531,55.973861],
[38.326029,55.973079],
[38.334109,55.971311],
[38.337435,55.970661],
[38.342241,55.969675],
[38.345395,55.968977],
[38.349301,55.968158],
[38.350749,55.967797],
[38.352616,55.967261],
[38.354375,55.966702],
[38.355405,55.966298],
[38.357433,55.965468],
[38.358463,55.96495],
[38.359472,55.964463],
[38.360748,55.963711],
[38.362347,55.962694],
[38.363591,55.961929],
[38.364761,55.961274],
[38.365802,55.960726],
[38.367035,55.960088],
[38.368012,55.959637],
[38.368956,55.959209],
[38.370254,55.958668],
[38.371724,55.958078],
[38.373591,55.957422],
[38.375522,55.956748],
[38.386068,55.953053],
[38.389416,55.952138],
[38.392463,55.951391],
[38.39551,55.950813],
[38.401239,55.94991],
[38.409908,55.948502],
[38.413684,55.9479],
[38.417225,55.947273],
[38.419478,55.946768],
[38.422461,55.945973],
[38.424177,55.945443],
[38.425937,55.944889],
[38.428361,55.943986],
[38.429735,55.943408],
[38.431902,55.942409],
[38.434091,55.941313],
[38.436328,55.939963],
[38.43915,55.938024],
[38.441886,55.935845],
[38.444418,55.933785],
[38.446928,55.93181],
[38.452014,55.927702],
[38.454844,55.925459]
